[1 1 1 1 1 0 0 1 1 1 0 1 1 0 1 1 0 1 0 0 1 0 1 0 1 1 0 1 1 1 1 1 0 0 0 1 0
 0 1 1 1 1 0 1 0 1 1 1 0 0 0 1 0 1 0 0 1 0 1 1 0 1 1 0 0 1 1 0 1 0 1 1 1 1
 0 0 1 0 1 1 1 0 1 0 1 1 1 0 0 1 1 1 1 0 1 1 0 1 1 1 1 1 1 1 0 1 1 1 0 1 0
 1 1 1]
[[0.620106]
 [0.620106]
 [0.620106]
 [0.620106]
 [0.620106]
 [0.620106]
 [0.620106]
 [0.620106]
 [0.620106]
 [0.620106]
 [0.620106]
 [0.620106]
 [0.620106]
 [0.620106]
 [0.620106]
 [0.620106]
 [0.620106]
 [0.620106]
 [0.620106]
 [0.620106]
 [0.620106]
 [0.620106]
 [0.620106]
 [0.620106]
 [0.620106]
 [0.620106]
 [0.620106]
 [0.620106]
 [0.620106]
 [0.620106]
 [0.620106]
 [0.620106]
 [0.620106]
 [0.620106]
 [0.620106]
 [0.620106]
 [0.620106]
 [0.620106]
 [0.620106]
 [0.620106]
 [0.620106]
 [0.620106]
 [0.620106]
 [0.620106]
 [0.620106]
 [0.620106]
 [0.620106]
 [0.620106]
 [0.620106]
 [0.620106]
 [0.620106]
 [0.620106]
 [0.620106]
 [0.620106]
 [0.620106]
 [0.620106]
 [0.620106]
 [0.620106]
 [0.620106]
 [0.620106]
 [0.620106]
 [0.620106]
 [0.620106]
 [0.620106]
 [0.620106]
 [0.620106]
 [0.620106]
 [0.620106]
 [0.620106]
 [0.620106]
 [0.620106]
 [0.620106]
 [0.620106]
 [0.620106]
 [0.620106]
 [0.620106]
 [0.620106]
 [0.620106]
 [0.620106]
 [0.620106]
 [0.620106]
 [0.620106]
 [0.620106]
 [0.620106]
 [0.620106]
 [0.620106]
 [0.620106]
 [0.620106]
 [0.620106]
 [0.620106]
 [0.620106]
 [0.620106]
 [0.620106]
 [0.620106]
 [0.620106]
 [0.620106]
 [0.620106]
 [0.620106]
 [0.620106]
 [0.620106]
 [0.620106]
 [0.620106]
 [0.620106]
 [0.620106]
 [0.620106]
 [0.620106]
 [0.620106]
 [0.620106]
 [0.620106]
 [0.620106]
 [0.620106]
 [0.620106]
 [0.620106]
 [0.620106]]